[array([0.211325, 0.788675]), array([0.723607, 0.276393]), array([0.166667, 0.5     , 0.833333]), array([0.125, 0.375, 0.625, 0.875]), array([0.875, 0.625, 0.375, 0.125]), array([0.15, 0.35, 0.55, 0.75, 0.95]), array([0.9, 0.1, 0.7, 0.3, 0.5, 0.8]), array([0.111111, 0.222222, 0.333333, 0.444444, 0.555555, 0.666667,
       0.777778, 0.888889])]
[array([0.654299, 0.353479]), array([0.754299, 0.253479]), array([0.304299, 0.553479, 0.709691]), array([0.804299, 0.603479, 0.409691, 0.205016]), array([0.854299, 0.653479, 0.359691, 0.155016]), array([0.904299, 0.703479, 0.509691, 0.305016, 0.103275]), array([0.884299, 0.123479, 0.729691, 0.285016, 0.523275, 0.787492]), array([0.104299, 0.243479, 0.319691, 0.465016, 0.573275, 0.647492,
       0.794889, 0.860861])]
[array([0.582812, 0.421077]), array([0.712865, 0.284413]), array([0.118496, 0.481282, 0.876608]), array([1.      , 0.683447, 0.334333, 0.      ]), array([0.882245, 0.615032, 0.380358, 0.114494]), array([0.      , 0.226282, 0.564108, 0.905744, 1.      ]), array([0.905495, 0.091782, 0.689608, 0.305244, 0.491854, 0.804378]), array([0.113495, 0.214782, 0.338108, 0.437244, 0.549353, 0.673378,
       0.771789, 0.898699])]
[array([0.183704, 0.127166]), array([0.255353, 0.749841]), array([0.094906, 0.770362, 0.859589]), array([0.820856, 0.226975, 0.784625, 0.113609]), array([0.91786 , 0.273128, 0.475575, 0.052446]), array([0.052509, 0.789636, 0.354234, 0.228337, 0.889991]), array([0.833796, 0.096195, 0.232612, 0.789158, 0.185769, 0.681185]), array([0.448564, 0.335191, 0.751694, 0.277261, 0.167614, 0.717472,
       0.304117, 0.767059])]
[array([0.582812, 0.421077]), array([0.684812, 0.281383]), array([0.171685, 0.508728, 0.819757]), array([0.734042, 0.687625, 0.466427, 0.303264]), array([0.568707, 0.909615, 0.957143, 0.01142 ]), array([0.744968, 0.084644, 0.801527, 0.169728, 0.990511]), array([1.      , 0.229371, 0.690054, 0.244152, 0.521424, 1.      ]), array([0.02262 , 0.      , 0.288709, 0.762817, 0.551656, 0.961269,
       0.843087, 1.      ])]
[array([0.582812, 0.421077]), array([0.996744, 0.999561]), array([0.166667, 0.5     , 0.833333]), array([0.743137, 0.718436, 0.58181 , 0.365984]), array([0.572707, 0.914615, 0.952143, 0.01642 ]), array([0.236209, 0.379873, 0.584786, 0.843391, 1.      ]), array([0.024461, 0.059677, 0.99533 , 0.299568, 0.038576, 0.691027]), array([0.148189, 0.189483, 0.270757, 0.392507, 0.446351, 0.670593,
       0.665417, 1.      ])]
[array([0.582812, 0.421077]), array([0.744767, 0.322712]), array([0.167431, 0.503246, 0.833129]), array([0.692844, 0.522126, 0.400511, 0.337375]), array([0.543363, 0.994173, 0.995   , 0.003824]), array([0.236209, 0.379873, 0.584786, 0.843391, 1.      ]), array([0.194327, 0.008117, 0.940397, 0.331469, 0.120428, 0.708672]), array([0.208946, 0.148993, 0.202639, 0.316908, 0.431312, 0.503474,
       0.634079, 0.995   ])]
[array([0.582812, 0.421077]), array([0.723607, 0.276393]), array([0.17358 , 0.509985, 0.861627]), array([0.605953, 0.443908, 0.321881, 0.510101]), array([5.03541e-01, 9.95000e-01, 9.95000e-01, 1.00000e-06]), array([0.339419, 0.513193, 0.599128, 0.825009, 0.789136]), array([2.32309e-01, 1.00000e-06, 8.81882e-01, 3.76082e-01, 1.91527e-01,
       7.31904e-01]), array([0.04585 , 0.409304, 0.057579, 0.179582, 0.499647, 0.251108,
       0.757574, 0.939082])]
[array([0.582812, 0.421077]), array([0.69434 , 0.207302]), array([0.147117, 0.526235, 0.849011]), array([0.524137, 0.403433, 0.22003 , 0.482874]), array([5.77252e-01, 9.95000e-01, 9.95000e-01, 1.00000e-06]), array([0.482662, 0.445135, 0.505979, 0.901513, 0.790255]), array([2.34062e-01, 1.00000e-06, 8.62390e-01, 4.32759e-01, 2.45568e-01,
       7.73410e-01]), array([0.246667, 0.211931, 0.156108, 0.312021, 0.424946, 0.497662,
       0.627877, 0.995   ])]
[array([0.582812, 0.421077]), array([0.718442, 0.086744]), array([0.155756, 0.525144, 0.938413]), array([0.658829, 0.135745, 0.01475 , 0.885838]), array([6.14625e-01, 9.95000e-01, 9.95000e-01, 1.00000e-06]), array([0.396866, 0.534494, 0.843367, 0.854385, 0.577951]), array([2.36193e-01, 1.00000e-06, 8.38386e-01, 4.11651e-01, 2.94881e-01,
       7.27030e-01]), array([0.246667, 0.211931, 0.156108, 0.312021, 0.424946, 0.497662,
       0.627877, 0.995   ])]
[array([0.582812, 0.421077]), array([0.723607, 0.276393]), array([0.14903 , 0.507335, 0.866594]), array([0.574526, 0.455077, 0.168845, 0.479246]), array([6.14625e-01, 9.95000e-01, 9.95000e-01, 1.00000e-06]), array([0.396866, 0.534494, 0.843367, 0.854385, 0.577951]), array([2.36193e-01, 1.00000e-06, 8.38386e-01, 4.11651e-01, 2.94881e-01,
       7.27030e-01]), array([0.246667, 0.211931, 0.156108, 0.312021, 0.424946, 0.497662,
       0.627877, 0.995   ])]
[array([0.582812, 0.421077]), array([0.721744, 0.274122]), array([0.154633, 0.530187, 0.856486]), array([0.541769, 0.384974, 0.253223, 0.632572]), array([0.572998, 0.968368, 0.977954, 0.005354]), array([0.486332, 0.480818, 0.77853 , 0.940697, 0.553267]), array([0.286114, 0.022837, 0.841844, 0.392   , 0.216692, 0.723219]), array([0.224865, 0.209995, 0.171258, 0.303472, 0.414729, 0.496907,
       0.62253 , 0.995   ])]
[array([0.582812, 0.421077]), array([0.723607, 0.276393]), array([0.145997, 0.514186, 0.849711]), array([0.532205, 0.422964, 0.291294, 0.515867]), array([6.14625e-01, 9.95000e-01, 9.95000e-01, 1.00000e-06]), array([0.396866, 0.534494, 0.843367, 0.854385, 0.577951]), array([2.61113e-01, 1.00000e-06, 8.33016e-01, 4.12756e-01, 2.71458e-01,
       7.27417e-01]), array([0.224865, 0.209995, 0.171258, 0.303472, 0.414729, 0.496907,
       0.62253 , 0.995   ])]